<?xml version="1.0"?>
<opencv_storage>
<!-- Testing MS-SSIM Index map -->
<img_MS-SSIM_map_level_4 type_id="opencv-image">
  <width>32</width>
  <height>32</height>
  <origin>top-left</origin>
  <layout>interleaved</layout>
  <dt>"3f"</dt>
  <data>
    9.57971334e-01 9.92154777e-01 9.97728705e-01 9.80308235e-01
    9.92610037e-01 9.98712182e-01 9.81618524e-01 9.92166281e-01
    9.96692061e-01 9.54007208e-01 9.89510715e-01 9.77926970e-01
    8.65451396e-01 9.79368269e-01 9.51476336e-01 8.59051108e-01
    9.73762333e-01 9.60475147e-01 8.62544417e-01 9.79689658e-01
    9.79905903e-01 8.53077352e-01 9.84432042e-01 9.79782820e-01
    9.00752485e-01 9.77609575e-01 9.73625422e-01 9.25335646e-01
    9.78887677e-01 9.76844013e-01 9.15936530e-01 9.86798465e-01
    9.82835114e-01 8.72904480e-01 9.89052594e-01 9.81095731e-01
    8.56689692e-01 9.81678426e-01 9.73326683e-01 8.81043315e-01
    9.73689795e-01 9.70244706e-01 8.73673439e-01 9.72918391e-01
    9.70247447e-01 8.92436683e-01 9.74487662e-01 9.69754755e-01
    9.30159867e-01 9.84025598e-01 9.76037920e-01 9.05168355e-01
    9.92843628e-01 9.86939907e-01 8.88437629e-01 9.93368685e-01
    9.89030898e-01 9.17778373e-01 9.93125498e-01 9.82046127e-01
    9.55706835e-01 9.92423356e-01 9.79705572e-01 9.82441664e-01
    9.91519868e-01 9.86375093e-01 9.80949521e-01 9.90594149e-01
    9.89633262e-01 9.59610462e-01 9.86131787e-01 9.90897894e-01
    9.61859941e-01 9.72839355e-01 9.94098961e-01 9.89351094e-01
    9.71670687e-01 9.92080271e-01 9.96060073e-01 9.84773099e-01
    9.78131652e-01 9.95831549e-01 9.83178437e-01 9.63465512e-01
    9.95980561e-01 9.82265174e-01 9.71670628e-01 9.95335758e-01
    9.80948985e-01 9.79903579e-01 9.86051321e-01 9.78327751e-01
    9.82633471e-01 9.67818081e-01 9.86217737e-01 9.85576928e-01
    9.48826551e-01 9.92667794e-01 9.95007575e-01 9.72328961e-01
    9.94145751e-01 9.97125506e-01 9.72851396e-01 9.93755281e-01
    9.96279776e-01 9.48636889e-01 9.87153530e-01 9.85077858e-01
    8.97522390e-01 9.71517265e-01 9.64693606e-01 8.56436372e-01
    9.71104681e-01 9.65995908e-01 7.87224293e-01 9.80994880e-01
    9.73033547e-01 7.42179513e-01 9.74103212e-01 9.58171725e-01
    7.30466127e-01 9.48658526e-01 9.15337861e-01 7.10687757e-01
    9.41214442e-01 8.95772159e-01 7.68098652e-01 9.63498235e-01
    9.33037341e-01 8.59795392e-01 9.70472991e-01 9.60098565e-01
    8.74186754e-01 9.36513960e-01 9.50465381e-01 8.65586758e-01
    9.09993589e-01 9.44963336e-01 8.75187099e-01 9.22153473e-01
    9.45674598e-01 9.08395410e-01 9.38805103e-01 9.41766143e-01
    9.51398969e-01 9.58701015e-01 9.45562959e-01 9.51926410e-01
    9.78569090e-01 9.66120183e-01 9.14696515e-01 9.85283613e-01
    9.79917884e-01 9.09337223e-01 9.86953378e-01 9.82730269e-01
    9.35971320e-01 9.85007107e-01 9.82054889e-01 9.68113661e-01
    9.82379615e-01 9.85602498e-01 9.76539791e-01 9.81192470e-01
    9.87073779e-01 9.65018332e-01 9.79984403e-01 9.88893986e-01
    9.51282501e-01 9.77564096e-01 9.92856324e-01 9.78665948e-01
    9.76572573e-01 9.91448343e-01 9.94241118e-01 9.85449612e-01
    9.77914393e-01 9.96041954e-01 9.87278461e-01 9.64574873e-01
    9.96474326e-01 9.86588120e-01 9.72758651e-01 9.96747077e-01
    9.87480581e-01 9.79223251e-01 9.94626939e-01 9.87724185e-01
    9.83480930e-01 9.90073442e-01 9.90474105e-01 9.90151942e-01
    9.63300943e-01 9.92584050e-01 9.92508352e-01 9.77902710e-01
    9.95618284e-01 9.95218635e-01 9.77693498e-01 9.95639145e-01
    9.94901359e-01 9.57046688e-01 9.89176989e-01 9.88686681e-01
    9.23883438e-01 9.76418197e-01 9.76963341e-01 8.90815973e-01
    9.77587700e-01 9.74553227e-01 7.91646600e-01 9.81163204e-01
    9.70634282e-01 6.71684325e-01 9.54361320e-01 9.18250382e-01
    5.64879000e-01 8.80224586e-01 7.92205989e-01 5.25362968e-01
    8.47519994e-01 7.54957676e-01 5.84000409e-01 8.93289149e-01
    8.45735908e-01 8.14921379e-01 9.28070188e-01 9.36274529e-01
    8.85953844e-01 8.50889981e-01 9.26292896e-01 8.66290092e-01
    7.74592042e-01 8.92830253e-01 8.93496454e-01 7.99215138e-01
    8.79848421e-01 9.41427529e-01 8.46573174e-01 8.85535836e-01
    9.71661448e-01 8.74423921e-01 8.97922456e-01 9.72091794e-01
    8.98102403e-01 9.25241232e-01 9.45162654e-01 9.28437889e-01
    9.48365390e-01 9.19750512e-01 9.58057463e-01 9.65654075e-01
    8.86244535e-01 9.72097039e-01 9.81225729e-01 9.11449671e-01
    9.73503530e-01 9.85609829e-01 9.41167653e-01 9.72896159e-01
    9.84900773e-01 9.55250561e-01 9.76808548e-01 9.86389995e-01
    9.52948928e-01 9.83691931e-01 9.91289139e-01 9.60036457e-01
    9.85068679e-01 9.93040383e-01 9.88004446e-01 9.88434196e-01
    9.84595418e-01 9.95326757e-01 9.90308821e-01 9.71546531e-01
    9.96952415e-01 9.90581393e-01 9.75330234e-01 9.97902930e-01
    9.93137240e-01 9.81532276e-01 9.97976005e-01 9.94553864e-01
    9.86989617e-01 9.96745408e-01 9.94026303e-01 9.91999865e-01
    9.75237608e-01 9.93949592e-01 9.91224825e-01 9.88537788e-01
    9.96719956e-01 9.94421482e-01 9.88792241e-01 9.96591806e-01
    9.94026780e-01 9.68620062e-01 9.90159690e-01 9.88928080e-01
    9.21565533e-01 9.83506620e-01 9.82753038e-01 9.14634049e-01
    9.82751846e-01 9.82476950e-01 8.65138829e-01 9.77673769e-01
    9.71285522e-01 7.01798975e-01 9.40759718e-01 8.89408708e-01
    5.63438356e-01 8.46951365e-01 7.28646696e-01 5.33129752e-01
    7.93921173e-01 6.52234256e-01 5.67842841e-01 8.34171891e-01
    7.48155892e-01 7.85657644e-01 8.80979300e-01 8.88164461e-01
    8.78776133e-01 7.62397230e-01 8.49768460e-01 8.70282352e-01
    6.43228173e-01 7.24650621e-01 8.88368726e-01 6.51273727e-01
    6.59939945e-01 9.43038702e-01 6.92905009e-01 7.19227612e-01
    9.72554266e-01 7.07679629e-01 8.00584972e-01 9.68041360e-01
    7.43372977e-01 8.79984081e-01 9.51534331e-01 8.16492558e-01
    9.18877363e-01 9.44489419e-01 8.96217048e-01 9.40277815e-01
    9.25007105e-01 9.55894649e-01 9.73131299e-01 9.02088344e-01
    9.76466537e-01 9.88899291e-01 9.19084847e-01 9.78319108e-01
    9.87347245e-01 9.61902022e-01 9.82048035e-01 9.87893879e-01
    9.79765117e-01 9.86176670e-01 9.90721405e-01 9.70182776e-01
    9.84260082e-01 9.92918193e-01 9.79233742e-01 9.85731006e-01
    9.90960896e-01 9.94484901e-01 9.90655422e-01 9.79487836e-01
    9.97241437e-01 9.92294669e-01 9.76704597e-01 9.98192787e-01
    9.94772553e-01 9.80847597e-01 9.98428822e-01 9.95691657e-01
    9.84929979e-01 9.97279823e-01 9.94685113e-01 9.89922762e-01
    9.74550903e-01 9.94991243e-01 9.91807759e-01 9.91648853e-01
    9.96649802e-01 9.95598495e-01 9.92429376e-01 9.95441318e-01
    9.94887292e-01 9.68607664e-01 9.84675467e-01 9.89581406e-01
    8.94744277e-01 9.78645980e-01 9.85504150e-01 9.00362074e-01
    9.75922346e-01 9.85475183e-01 9.00438249e-01 9.66246486e-01
    9.74152386e-01 7.89160132e-01 9.46763813e-01 9.11727488e-01
    6.54215515e-01 8.95331204e-01 7.74314702e-01 6.17249429e-01
    8.45594883e-01 6.64698660e-01 6.55150294e-01 8.71996641e-01
    7.16813684e-01 7.94040382e-01 8.85551393e-01 8.07004571e-01
    8.72182965e-01 7.69932985e-01 7.24708498e-01 8.92937779e-01
    6.52823031e-01 5.58912098e-01 8.83955538e-01 6.26861274e-01
    4.84698415e-01 9.05195534e-01 6.34814262e-01 5.52987754e-01
    9.52625751e-01 6.44451499e-01 6.88172460e-01 9.51015532e-01
    6.69229388e-01 8.24637592e-01 9.48840022e-01 7.44514763e-01
    8.89960349e-01 9.55341816e-01 8.53323042e-01 9.23932254e-01
    9.58492875e-01 9.51041400e-01 9.66506958e-01 9.57273006e-01
    9.85513806e-01 9.87827003e-01 9.62456942e-01 9.89257276e-01
    9.89723146e-01 9.86159384e-01 9.90882874e-01 9.90540504e-01
    9.91636395e-01 9.89864647e-01 9.91028786e-01 9.85646188e-01
    9.85602975e-01 9.92347300e-01 9.79750454e-01 9.83820260e-01
    9.91433203e-01 9.92868662e-01 9.90096092e-01 9.83370245e-01
    9.96907651e-01 9.92197394e-01 9.79532897e-01 9.97502446e-01
    9.93297458e-01 9.76965129e-01 9.97248948e-01 9.92564797e-01
    9.73011971e-01 9.95631337e-01 9.92058575e-01 9.80881870e-01
    9.74577785e-01 9.94202375e-01 9.93420005e-01 9.91670310e-01
