Output for lena :

sm_lena =

   18.5555    0.3369    0.2719
   20.0461    0.2660    0.2553
   29.1473    0.8252    0.6084



Output for barbara :

sm_barb =

   18.3392    0.4432    0.4005
   20.1444    0.3980    0.4031
   23.4293    0.6492    0.5238



Output for peppers :

sm_pep =

   18.1589    0.3385    0.2800
   20.2630    0.2686    0.2606
   28.8314    0.8245    0.5992
